16.4
16.27
16.14
16.04
15.97
15.9
15.83
15.85
16.24
16.69
17.22
17.72
18.25
18.68
19.08
19.52
19.75
19.47
18.91
19.71
19.5
19.2
18.89
18.69
18.46
18.23
18.05
17.94
17.8
17.7
17.59
17.6
17.94
18.3
18.72
19.15
19.46
19.79
19.88
19.98
19.93
19.73
19.3
20.21
19.91
19.62
19.39
19.21
19.04
18.9
18.73
18.59
18.48
18.3
18.24
18.25
18.63
19.23
19.96
20.65
21.26
21.87
22.16
22.27
22.14
21.71
20.98
19.36
19.09
18.64
18.16
17.94
17.75
17.56
17.33
17.15
17.02
16.83
16.71
16.66
17.17
18.1
19.49
20.84
22.91
24.05
24.71
24.6
24.22
23.46
21.76
21.1
19.97
19.05
18.35
18.05
17.8
18.04
18.03
17.95
17.72
17.57
17.38
17.3
17.99
19.66
22.11
24.01
25.46
26.39
26.96
27.09
26.76
25.88
24.62
22.31
22.17
21.66
21.3
21.02
20.77
20.57
20.39
20.19
20.07
20.14
20.06
20.11
20.76
21.36
21.83
22.34
22.81
23.11
23.3
23.21
22.78
22.16
21.28
20.08
19.88
19.68
19.51
19.35
19.21
19.07
18.95
18.87
18.79
18.71
18.65
18.65
18.88
19.19
19.52
19.87
20.29
20.66
20.82
20.79
20.63
20.3
19.92
21.47
21.16
20.95
20.75
20.6
20.44
20.34
20.26
20.2
20.13
20.05
19.97
19.93
20.13
20.32
20.52
20.76
21.28
21.81
22.12
22.23
22.04
21.51
20.61
20.41
19.99
19.41
18.96
18.72
18.43
18.26
18.09
18.14
18.18
18.15
18.09
18.14
18.41
18.87
19.51
20.24
21.05
21.73
22.22
22.84
22.54
22.08
21.31
20.56
19.75
19.26
19.86
19.76
19.72
19.67
19.63
19.61
19.6
19.6
19.57
19.62
19.95
20.37
21.07
21.79
22.57
23.33
23.8
24.01
23.7
22.97
21.95
21.25
20.99
20.83
20.72
20.66
20.62
20.59
20.58
20.59
20.61
20.64
20.66
20.75
21.19
21.68
22.24
22.78
23.52
23.6
23.59
23.62
23.3
22.94
21.98
21.96
21.24
21.46
21.44
21.34
21.3
21.15
21.02
20.94
20.87
20.85
20.8
20.82
21.11
21.42
21.59
21.76
21.93
21.99
21.93
21.82
21.48
20.81
19.91
20.51
19.84
19.28
18.8
18.45
18.15
17.81
17.51
17.26
17.01
16.8
16.62
16.53
16.66
16.82
16.96
17.11
17.21
17.29
17.27
17.19
17.01
16.72
16.34
19
18.89
18.79
18.66
18.53
18.39
18.2
18.02
17.83
17.58
17.37
17.14
16.97
16.95
17
17.06
17.09
17.08
16.95
16.77
16.56
16.25
15.74
14.96
16.64
16.54
15.68
14.68
13.56
12
10.31
8.72
7.68
7.38
7.36
7.3
7.46
7.86
8.4
8.89
9.36
9.91
10.17
10.42
10.5
10.47
10.23
9.84
9.67
9.51
9.29
9.02
8.78
10.89
10.48
10.03
9.62
9.25
8.92
8.63
8.54
8.83
9.25
9.89
10.54
10.87
11.17
11.57
12
12.03
11.79
11.37
11.25
11.09
10.61
10.21
9.95
11.28
11.13
10.94
10.76
10.54
10.32
10.05
9.85
9.98
10.22
10.35
10.8
11.71
12.1
12.63
13.02
13.01
12.6
12.22
12
11.97
11.9
11.76
11.64
11.52
11.42
11.39
11.3
11.29
11.24
11.16
11.34
12.65
14.08
15.11
15.79
16.45
17.01
17.52
17.84
18
17.51
16.73
14.97
14.04
13.29
13.61
13.89
13.9
13.89
13.9
13.84
13.92
13.78
13.77
13.9
15.12
16.19
16.58
16.55
16.37
15.99
15.43
14.82
14.14
13.58
13.02
12.68
12.56
12.42
12.27
12.09
11.9
11.69
11.52
11.37
11.23
11.12
11.01
11.11
11.88
12.6
12.93
13.22
13.59
13.91
14.2
14.4
14.44
14.25
12.81
14.84
14.3
13.75
13.39
12.97
12.47
12.89
12.83
12.69
12.54
12.43
12.19
12.39
13.49
14.27
14.85
15.3
15.62
15.87
15.99
15.91
15.66
15.24
14.55
15.54
13.6
13.16
12.75
12.27
11.64
10.95
9.94
9
8.34
7.98
7.71
8.82
10.39
11.54
12.81
13.94
14.79
15.28
15.61
15.58
15.19
14.4
12.78
11.89
12.25
12.24
12.1
11.95
